minkloc3dv2.txt, config_AboveUnder_baseline_octf_20k.txt, MinkLoc_20240507_1639_final
[Karawatha]
AR@1%: 75.98, AR@1: 47.64, AR@N:
[47.63806133 52.41527943 55.07651291 57.36597795 58.94970482 60.24092151
 61.56854048 62.72067132 63.9189591  65.09345517 65.93890044 66.81332647
 67.66619699 68.49971992 69.33189971 70.05922327 70.89146474 71.4788779
 72.13779083 72.81510826 73.58798557 74.27743378 74.86790943 75.39956257
 75.97776755]
[QCAT]
AR@1%: 97.83, AR@1: 86.23, AR@N:
[ 86.23188406  89.13043478  94.20289855  97.82608696  98.55072464
  98.55072464  98.55072464  99.27536232  99.27536232 100.
 100.         100.         100.         100.         100.
 100.         100.         100.         100.         100.
 100.         100.         100.         100.         100.        ]
[Samford]
AR@1%: 32.88, AR@1: 19.37, AR@N:
[19.36936937 26.12612613 28.37837838 28.82882883 28.82882883 29.27927928
 29.72972973 30.18018018 31.08108108 31.08108108 31.53153153 31.53153153
 31.53153153 31.53153153 31.53153153 31.53153153 31.98198198 31.98198198
 31.98198198 31.98198198 32.43243243 32.88288288 32.88288288 32.88288288
 32.88288288]

Mean AR@1%: 68.90, Mean AR@1: 51.08

minkloc3dv2.txt, config_AboveUnder_baseline.txt, MinkLoc_20240507_1539_final
[Karawatha]
AR@1%: 76.26, AR@1: 40.14, AR@N:
[40.13725083 46.04049882 50.05133487 52.67625582 54.89528231 57.1713783
 59.21219377 60.99095627 62.66132478 64.08778796 65.32786043 66.44519383
 67.5430645  68.52454139 69.2894172  70.20439302 71.27469945 71.88194673
 72.64462464 73.24723948 74.08366679 74.69967047 75.16302637 75.77607569
 76.26116189]
[QCAT]
AR@1%: 93.48, AR@1: 66.67, AR@N:
[ 66.66666667  80.43478261  90.57971014  93.47826087  98.55072464
  98.55072464 100.         100.         100.         100.
 100.         100.         100.         100.         100.
 100.         100.         100.         100.         100.
 100.         100.         100.         100.         100.        ]
[Samford]
AR@1%: 98.20, AR@1: 85.14, AR@N:
[85.13513514 87.38738739 90.54054054 90.99099099 94.14414414 94.59459459
 95.4954955  95.94594595 95.94594595 95.94594595 96.3963964  97.2972973
 97.2972973  97.74774775 97.74774775 98.1981982  98.1981982  98.1981982
 98.1981982  98.1981982  98.1981982  98.1981982  98.1981982  98.1981982
 98.1981982 ]

Mean AR@1%: 89.31, Mean AR@1: 63.98

octformer_cfg.txt, config_AboveUnder_baseline_octf_depth5_lr1e-4_sched50.txt, OctFormerSmall_20240516_1045_final
[Karawatha]
AR@1%: 25.63, AR@1: 3.29, AR@N:
[ 3.29104375  5.14884342  7.03283078  8.70402935 10.17264868 11.28957205
 12.44589198 13.74973077 15.03141928 16.16882811 17.02372489 17.88215431
 18.82733206 19.77254829 20.66904467 21.34991315 22.00657335 22.58140914
 23.06504735 23.55714725 23.98756341 24.42394161 24.81865852 25.32920952
 25.62978804]
[QCAT]
AR@1%: 0.00, AR@1: 0.00, AR@N:
[ 0.          0.          0.          0.          0.          0.
  0.          0.          0.72463768  2.89855072  3.62318841  5.07246377
  5.79710145  5.79710145  5.79710145  7.97101449  8.69565217 10.14492754
 10.86956522 11.5942029  11.5942029  11.5942029  12.31884058 15.2173913
 15.94202899]
[Samford]
AR@1%: 22.52, AR@1: 1.35, AR@N:
[ 1.35135135  4.95495495  9.90990991 12.16216216 13.96396396 14.86486486
 15.31531532 17.56756757 18.46846847 19.81981982 20.27027027 20.27027027
 20.72072072 20.72072072 20.72072072 20.72072072 20.72072072 21.62162162
 21.62162162 21.62162162 22.07207207 22.52252252 22.52252252 22.52252252
 22.52252252]

Mean AR@1%: 16.05, Mean AR@1: 1.55

