minkloc3dv2.txt, config_baseline.txt, MinkLoc_20240507_1536_final
[oxford]
AR@1%: 98.61, AR@1: 95.18, AR@N:
[95.17826889 97.54299317 98.24921933 98.62246862 98.86777779 99.01683323
 99.14897667 99.22763061 99.30963732 99.36500859 99.42624218 99.47922119
 99.50385523 99.54036346 99.58128093 99.60987648 99.64087089 99.6683457
 99.70106983 99.71069209 99.72184072 99.74094296 99.75527472 99.7724499
 99.7843517 ]
[university]
AR@1%: 93.50, AR@1: 86.67, AR@N:
[86.66749917 90.4045954  92.52997003 93.497336   94.59207459 95.04245754
 95.23476523 95.68431568 96.32950383 96.45854146 96.84398934 97.03629704
 97.1003996  97.54911755 97.61405261 97.87129537 97.93623044 98.12937063
 98.32417582 98.45404595 98.45404595 98.51814852 98.64801865 98.64801865
 98.64801865]
[residential]
AR@1%: 90.39, AR@1: 81.12, AR@N:
[81.11531532 87.82972973 90.38738739 91.46216216 92.4045045  93.27657658
 93.81351351 94.14954955 94.28468468 94.75495495 94.89009009 95.09279279
 95.29459459 95.63153153 95.96846847 96.1036036  96.17027027 96.37027027
 96.43783784 96.63873874 96.70630631 96.90900901 97.04414414 97.17927928
 97.31261261]
[business]
AR@1%: 88.43, AR@1: 82.33, AR@N:
[82.3335425  88.4326251  91.38014363 93.12198853 94.12869141 95.01103264
 95.49020767 95.69185359 96.12014157 96.32178875 96.39742199 96.59944732
 96.87646883 97.02849672 97.17938249 97.40589894 97.53152962 97.70728849
 97.83279483 97.88330116 97.98406003 98.084692   98.18583157 98.2610841
 98.41196986]

Mean AR@1%: 92.73, Mean AR@1: 86.32

octformer_cfg.txt, config_baseline_octf.txt, OctFormer_20240507_1545_final
[oxford]
AR@1%: 9.91, AR@1: 3.33, AR@N:
[ 3.32689561  5.96240557  8.09016525 10.0054167  11.77381729 13.48158127
 14.98341622 16.33155746 17.76121028 19.11985201 20.41115167 21.50851443
 22.64177635 23.81381972 24.93785509 26.00699357 27.07735688 28.05711965
 29.07730291 30.03571088 31.00590356 31.93395909 32.83968003 33.65102288
 34.51782814]
[university]
AR@1%: 15.13, AR@1: 5.80, AR@N:
[ 5.7967033   9.26656677 12.35680986 15.13320013 17.96786547 20.09240759
 21.83150183 23.18181818 25.04911755 26.01232101 27.17449217 29.04095904
 30.26806527 31.23543124 32.13786214 33.2958708  34.26490176 35.35964036
 36.45604396 37.61405261 38.64385614 39.61455211 40.77505828 41.55011655
 42.83966034]
[residential]
AR@1%: 11.97, AR@1: 6.19, AR@N:
[ 6.18828829  9.21531532 11.96756757 14.51531532 17.06576577 20.09189189
 22.78018018 24.12522523 25.47207207 27.08738739 28.83423423 30.04594595
 31.52432432 32.46306306 33.87207207 35.62252252 36.83243243 37.83963964
 39.11621622 40.59369369 41.53333333 42.33873874 42.87477477 43.95315315
 44.82612613]
[business]
AR@1%: 12.67, AR@1: 8.05, AR@N:
[ 8.05011449 12.66575336 15.79665769 18.64635012 21.44616055 24.19699644
 26.19022452 28.20846412 29.92277225 32.09188996 33.95961937 35.87797818
 37.44330666 39.3106605  40.72281382 42.06073241 42.94333128 44.27959375
 45.38996788 46.57801719 47.91643573 49.40371217 50.28732627 51.24784391
 52.10543766]

Mean AR@1%: 12.42, Mean AR@1: 5.84

octformer_cfg.txt, config_baseline_octf_no_multistage.txt, OctFormer_20240508_1536_final
[oxford]
AR@1%: 20.09, AR@1: 6.82, AR@N:
[ 6.81861249 12.12519074 16.33536981 20.24684546 23.58823183 26.67497014
 29.48145372 32.06846064 34.44991674 36.58447286 38.61977612 40.55433453
 42.40299046 44.0952731  45.7343654  47.23310691 48.65771354 49.99780311
 51.29357932 52.58195714 53.75011699 54.96699821 56.05819212 57.07544372
 58.13962336]
[university]
AR@1%: 24.94, AR@1: 9.67, AR@N:
[ 9.66949717 15.01581752 20.94239094 24.93589744 28.15434565 31.31035631
 33.63386613 35.89160839 37.62987013 39.88095238 41.49350649 43.2967033
 44.58957709 46.52597403 48.52314352 50.004995   51.74908425 53.2950383
 54.51881452 55.42124542 57.03213453 57.93206793 59.41308691 60.57692308
 61.93306693]
[residential]
AR@1%: 24.46, AR@1: 13.51, AR@N:
[13.50810811 19.82432432 24.45945946 28.62522523 31.58468468 34.07117117
 36.41981982 37.76306306 39.98198198 41.32432432 42.93693694 44.75315315
 46.16486486 48.04594595 49.18828829 50.33153153 51.06846847 52.34684685
 53.55495495 54.29459459 55.1027027  55.84324324 56.91531532 58.05945946
 58.46306306]
[business]
AR@1%: 16.70, AR@1: 10.52, AR@N:
[10.51805288 16.6987677  23.28330245 28.20681061 31.6396147  35.06873217
 38.1454423  40.67077441 43.21691486 45.89351857 47.91341429 49.93291142
 52.02460645 53.66556305 55.53328735 56.97246988 58.38627294 59.64766611
 60.8581761  62.57362382 63.93539263 64.84577312 66.05615108 67.21590602
 68.29976496]

Mean AR@1%: 21.55, Mean AR@1: 10.13

octformer_cfg.txt, config_baseline_octf_depth9.txt, OctFormer_20240508_1452_final
[oxford]
AR@1%: 6.36, AR@1: 1.76, AR@N:
[ 1.76407687  3.39942293  4.92773349  6.41784206  7.90480213  9.25147738
 10.53883922 11.79508783 13.02688751 14.28876176 15.53461312 16.79408663
 18.03822638 19.19228602 20.35987938 21.49366368 22.63099988 23.76138765
 24.80060591 25.84451255 26.79961348 27.7430471  28.73620509 29.68368266
 30.61251545]
[university]
AR@1%: 4.83, AR@1: 1.48, AR@N:
[ 1.47935398  2.44838495  3.41242091  4.82850483  5.66183816  7.27439227
  8.30669331  9.59373959 11.07392607 11.97552448 13.13519814 14.74608725
 16.48518149 17.77389277 18.8045288  19.96420246 20.86663337 21.96386946
 23.38161838 24.99084249 26.28371628 27.7014652  28.99017649 29.76356976
 31.12137862]
[residential]
AR@1%: 5.31, AR@1: 1.88, AR@N:
[ 1.88378378  3.29189189  5.30630631  6.98738739  9.13243243 11.08018018
 12.42162162 14.3045045  15.91351351 17.3963964  18.80720721 20.35405405
 21.56396396 23.44414414 24.38378378 25.32612613 26.46846847 27.54234234
 29.02252252 30.83873874 31.57837838 32.71981982 33.79279279 34.73153153
 35.87567568]
[business]
AR@1%: 6.01, AR@1: 3.23, AR@N:
[ 3.22861113  6.00646724  8.07482861 10.5973778  12.61548795 14.58549653
 17.03150754 18.92398312 20.61646382 22.60754349 24.37553441 25.98882479
 27.98180288 29.84787744 31.71471471 33.10009394 34.56325867 36.17464676
 37.38451073 38.74615646 40.23547611 41.42123733 42.91030188 44.32334352
 45.53410728]

Mean AR@1%: 5.63, Mean AR@1: 2.09

octformer_cfg.txt, config_baseline_octf_depth5.txt, OctFormerSmall_20240510_2337_final
[oxford]
AR@1%: 30.92, AR@1: 16.18, AR@N:
[16.17872344 22.94061483 27.48407535 31.0780787  34.10643663 36.75509603
 39.17054111 41.35621478 43.42815049 45.30319508 46.90377951 48.47112749
 49.94099285 51.30651924 52.56411349 53.74912686 54.95807282 56.0260366
 57.03641026 58.08967301 58.96742772 59.91798654 60.80277228 61.6735515
 62.50133295]
[university]
AR@1%: 42.97, AR@1: 24.55, AR@N:
[24.54711955 34.14252414 38.97602398 42.97036297 45.61188811 48.31918082
 50.501998   52.30852481 54.23909424 56.43190143 58.55561106 60.1023976
 61.71328671 62.87296037 63.96936397 65.25807526 66.34948385 67.38428238
 68.15850816 68.9951715  69.77022977 70.67182817 71.76656677 72.28188478
 72.92540793]
[residential]
AR@1%: 34.34, AR@1: 20.76, AR@N:
[20.76486486 28.55855856 34.33963964 39.04414414 42.87657658 45.63603604
 48.18828829 50.81351351 52.76126126 54.44234234 56.52342342 58.13243243
 59.74324324 61.08918919 62.03153153 63.17567568 64.31711712 65.46036036
 66.33423423 67.13873874 68.14504505 69.22072072 70.56486486 71.3036036
 71.90720721]
[business]
AR@1%: 37.19, AR@1: 28.06, AR@N:
[28.06151494 37.19243121 43.21997602 47.33397288 50.94061819 54.22227882
 56.84405892 59.11445075 61.33508875 62.84685624 64.46039528 65.89666413
 67.53622864 68.77439975 69.68237164 70.66865455 71.90454522 73.04031029
 73.77304117 74.65538111 75.66437335 76.32057245 77.22727789 77.88234637
 78.51380693]

Mean AR@1%: 36.36, Mean AR@1: 22.39

octformer_cfg.txt, config_baseline_octf_depth6.txt, OctFormerSmall_20240510_2357_final
[oxford]
AR@1%: 3.89, AR@1: 1.10, AR@N:
[ 1.10034015  2.06119968  3.03049419  3.94481481  4.83756267  5.68188361
  6.51503946  7.41991653  8.27476193  9.0675181   9.8897716  10.72508536
 11.51000443 12.32828507 13.1126836  13.91749064 14.67625972 15.33878077
 16.01726688 16.76251274 17.41645665 18.08663441 18.7662085  19.49276041
 20.14980696]
[university]
AR@1%: 4.77, AR@1: 1.23, AR@N:
[ 1.22544123  2.7047952   3.54395604  4.76939727  5.86413586  7.15284715
  8.05694306  9.02597403 10.18481518 11.34532135 12.05211455 13.01781552
 13.72544123 14.69280719 15.85164835 16.62504163 17.65567766 18.36580087
 19.26823177 20.03829504 20.87662338 22.1020646  22.80969031 23.45238095
 24.03096903]
[residential]
AR@1%: 5.03, AR@1: 1.68, AR@N:
[ 1.67837838  2.81981982  5.03243243  6.57927928  8.05765766  9.93873874
 10.88108108 12.29009009 13.83783784 15.51621622 16.86216216 17.66846847
 18.80990991 19.61891892 20.29099099 21.03333333 22.17837838 22.64864865
 23.45405405 24.53063063 25.27117117 26.01081081 27.08468468 27.89009009
 28.56306306]
[business]
AR@1%: 4.52, AR@1: 2.50, AR@N:
[ 2.49804021  4.51652591  6.38362338  8.47735782 10.11743122 12.13654762
 13.85060451 15.38851926 17.0056167  18.84872939 20.28537895 21.41923535
 22.73114893 24.26994434 25.32829313 26.51507982 28.17836762 29.31273292
 30.60103349 31.5351552  32.77041649 33.92940232 35.11401888 36.50080045
 37.7110528 ]

Mean AR@1%: 4.55, Mean AR@1: 1.63

octformer_cfg.txt, config_baseline_octf.txt, OctFormerSmall_20240510_2328_final
[oxford]
AR@1%: 8.97, AR@1: 2.87, AR@N:
[ 2.86954171  5.10115429  7.16456963  9.04239263 10.83821352 12.52347328
 14.11072446 15.63582383 17.13066228 18.67590312 20.15137066 21.53064013
 22.88902791 24.19634187 25.52118723 26.68519452 27.81852966 28.97209367
 30.08974761 31.15835421 32.22715444 33.27263078 34.32828961 35.32204164
 36.24232038]
[university]
AR@1%: 8.38, AR@1: 2.19, AR@N:
[ 2.18864469  4.31235431  6.24791875  8.37912088  9.92757243 11.34532135
 13.21095571 14.75690976 15.84915085 17.26356976 18.2967033  19.77772228
 20.81002331 21.97052947 23.25591076 24.35064935 25.25141525 25.96237096
 26.41275391 27.31684982 28.02780553 28.99267399 30.08574759 30.98734599
 31.95387945]
[residential]
AR@1%: 9.13, AR@1: 3.70, AR@N:
[ 3.6972973   7.25495495  9.13423423 11.35405405 13.16756757 15.04954955
 16.73153153 18.47747748 20.15495495 21.43063063 22.70900901 24.18918919
 25.33063063 26.74594595 28.22252252 29.02882883 30.37567568 31.25045045
 32.39099099 34.13963964 34.81351351 36.55855856 37.76756757 38.77747748
 39.78468468]
[business]
AR@1%: 6.58, AR@1: 3.68, AR@N:
[ 3.67936238  6.57993294  9.40538303 11.52373549 13.365965   15.76299892
 17.58110905 19.42409225 21.49396623 23.3625865  25.60911152 26.94449077
 28.48393731 30.07274422 31.81204983 32.92294305 34.20895424 35.29408734
 36.55751483 37.99632176 39.43359942 40.77062459 41.8041003  42.93910395
 44.02372689]

Mean AR@1%: 8.26, Mean AR@1: 3.11

octformer_cfg.txt, config_baseline_octf_lr1e-2.txt, OctFormerSmall_20240511_0022_final
[oxford]
AR@1%: 14.52, AR@1: 4.12, AR@N:
[ 4.12180827  7.93934753 11.41496064 14.63311764 17.64392907 20.46504886
 23.06155529 25.45394747 27.72856749 29.86516277 31.95660036 33.90923162
 35.64860328 37.30387757 38.97948939 40.45208278 41.96829248 43.47336284
 44.80839099 46.16365489 47.53215765 48.71733013 49.81622458 50.98849097
 52.12482034]
[university]
AR@1%: 14.88, AR@1: 4.38, AR@N:
[ 4.37728938  8.63053613 11.46353646 14.87845488 16.2970363  19.38644689
 22.02630703 24.67365967 27.12287712 29.63536464 31.24791875 32.72810523
 34.53296703 35.94988345 38.00865801 39.2965368  40.96903097 42.97202797
 44.32650683 45.87495837 47.22943723 48.58141858 49.41891442 50.38378288
 51.34948385]
[residential]
AR@1%: 10.55, AR@1: 3.30, AR@N:
[ 3.2954955   6.65585586 10.55315315 13.84324324 16.53153153 19.88828829
 22.51171171 24.86036036 26.60540541 28.68738739 30.0981982  31.98108108
 33.9981982  35.81081081 36.81891892 38.22702703 39.70630631 41.45405405
 42.5972973  43.94234234 45.62342342 46.82972973 48.24144144 49.65135135
 50.86036036]
[business]
AR@1%: 9.16, AR@1: 4.59, AR@N:
[ 4.58975055  9.15779801 13.74730119 17.68402649 21.18661606 23.98744941
 27.0900556  29.94076328 32.81608134 35.3633678  37.58325071 39.82609555
 41.9458567  43.99138054 45.55734097 47.39892058 49.26385939 51.02943911
 52.59324348 54.35983205 55.57059201 56.73072001 57.96558907 59.30312566
 60.6157879 ]

Mean AR@1%: 12.28, Mean AR@1: 4.10

octformer_cfg.txt, config_baseline_octf_debug.txt, OctFormerSmall_20240513_1208_final
[oxford]
AR@1%: 2.93, AR@1: 0.75, AR@N:
[ 0.74894344  1.47777915  2.23108787  2.98489955  3.69561392  4.41310396
  5.10319743  5.77919888  6.56866399  7.30065185  7.99429634  8.70997196
  9.39700553 10.09069205 10.74901889 11.47595732 12.17095721 12.82653768
 13.54288199 14.23633357 14.88458647 15.5256675  16.19347925 16.76395638
 17.39497657]
[university]
AR@1%: 4.25, AR@1: 1.16, AR@N:
[ 1.16133866  2.38594739  3.35248085  4.25407925  5.09407259  5.8033633
  6.57842158  7.15617716  8.18598069  8.96020646  9.92340992 10.82584083
 12.18115218 12.82634033 13.4040959  14.24492174 14.6961372  15.66017316
 16.43273393 17.3984349  18.16933067 18.81535132 19.58707959 20.2980353
 20.74841825]
[residential]
AR@1%: 2.48, AR@1: 0.81, AR@N:
[ 0.80630631  1.74324324  2.48378378  3.29009009  4.6990991   5.43783784
  6.51081081  7.45045045  8.05765766  9.06756757 10.14234234 10.88108108
 11.82072072 12.6954955  13.77297297 14.71171171 15.71891892 16.32432432
 17.2009009  18.20540541 19.01441441 19.34954955 20.01981982 20.75945946
 21.4990991 ]
[business]
AR@1%: 2.93, AR@1: 1.44, AR@N:
[ 1.4395696   2.92785738  4.265526    5.27451057  6.48653826  7.64653809
  8.50566491  9.41301253 10.70029659 11.78479263 13.12207798 14.33384291
 15.59600519 16.5033528  17.28506337 18.31981576 19.32906055 20.18729652
 20.79274825 21.75148287 22.63357922 23.84586329 24.90536571 25.94239852
 26.9015151 ]

Mean AR@1%: 3.15, Mean AR@1: 1.04

